2394628
6136352
12701662
11361029
4046066
20464515
11810442
21057761
13245547
433241
10042534
110015875
20443935
1894529
13094904
3107634
1288561
1847836
21132144
12088733
21000827
6123929
1458850
31210246
12711816
22110722
1538082
101501257
10287941
1394409
13229690
843911
5346235
5218612
102004931
10112604
4026384
111050108
2933387
10592288
100704647
3499019
20401683
2715046
10019796
100421737
1260287
103011130
110006385
12429596
100624480
2620505
2438141
4018581
1654625
11464150
100601406
12177801
11663619
1400090
110210350
1358108
876380
1511431
12518497
100352178
1460268
2582212
13319773
6108104
10646492
156212
12324736
24002042
10496437
1006906
2648818
14012271
12560447
3727152
13162117
1400954
10055403
11585176
2480896
6081356
1303000
11729002
12029874
21042464
21014109
5117923
10750937
10486036
1893039
13412178
554937
102136536
2430333
32001630
3707487
2429857
1801498
21321367
127044
1611418
2335604
11146490
10037096
22302910
4114609
1287722
100049440
13033431
1119755
587041
3057016
947662
101239735
100314640
10438788
101200965
4112970
3704319
1344486
14022490
11243369
12512115
20190459
443742
1340233
11431418
102206681
30226175
13350059
1596672
3319391
11635198
2142968
20471202
12550919
20068668
4295144
101229432
1496512
12409358
12125872
6314318
2266442
3029536
13003339
678141
14008638
3156055
10634363
10487141
1948644
4155075
3035460
12551528
1566597
10691961
22054431
3163116
21011084
11325510
4251953
10394759
2692304
110017364
5165832
2873131
1427209
12452751
12103183
11204655
1842290
772643
5407660
20019459
100514255
2304969
22030544
2616806
4190553
11820372
22038568
111032512
11084862
3822210
10031716
31005176
4254509
102052461
100602828
100622053
78194
20153585
10305782
5343554
984117
10210522
103112004
10120232
5227387
3716263
2537039
6206581
2631924
4024360
20548020
10653560
375160
3372125
7010282
1728525
13402219
1438590
101271538
1974202
11047616
12254496
12286488
3670963
2276574
12214245
11491138
21320164
1646123
11264848
3367618
12348217
11704370
101267011
21209721
1006243
10443622
1131832
102112748
1214372
12312797
192954
14042698
222830
1265938
3636026
2437175
20116189
1734244
1706360
1716749
10689026
1729985
849974
4550601
2181290
10814566
201614
101020091
360828
20222095
13045573
11648032
1213534
12542186
5403507
100008232
1668472
11903435
100045919
665727
21176173
2841843
101402767
895280
2319096
2596320
5109570
1734483
10396876
729000
3012088
468784
3089069
13160690
20016296
100345684
4370589
100250304
21124265
22206418
100521887
261958
101213630
13290115
11294541
30106139
11470470
10314972
3241373